[[93, 21], [49, 110], [61, 88], [46, 98], [41, 42], [69, 59], [71, 52], [106, 70], [116, 61], [39, 22], [33, 43], [72, 74], [74, 29], [49, 43], [81, 42], [27, 29], [65, 34], [87, 82], [54, 36], [101, 29], [24, 92], [84, 114], [104, 27], [81, 86], [81, 43], [106, 115], [91, 120], [72, 64], [51, 65], [70, 87], [99, 36], [110, 36], [56, 47], [34, 82], [31, 102], [109, 91], [51, 34], [31, 20], [43, 75], [45, 68], [49, 25], [20, 61], [69, 33], [107, 56], [47, 108], [50, 75], [28, 22], [33, 34], [54, 107], [76, 77], [110, 76], [40, 110], [110, 90], [26, 20], [85, 42], [55, 93], [44, 100], [103, 97], [96, 84], [100, 51], [42, 55], [67, 98], [57, 29], [91, 81], [97, 92], [92, 34], [91, 84], [38, 42], [46, 52], [34, 116], [48, 66], [70, 93], [71, 74], [95, 97], [101, 30], [62, 24], [94, 37], [31, 102], [104, 104], [25, 59], [66, 111], [25, 39], [40, 27], [94, 49], [48, 52], [27, 65], [100, 87], [25, 57], [51, 72], [45, 78], [89, 73], [75, 84], [60, 57], [106, 96], [35, 83], [118, 77], [45, 27], [106, 88], [20, 33], [71, 92]]

0 95.34 120.42 107.07 108.26 58.69 90.79 88.01 127.03 131.06 44.78 54.2 103.25 79.48 65.19 91.24 39.62 73.36 119.55 64.9 105.08 95.08 141.61 107.45 118.14 91.71 156.4 150.6 96.33 82.62 111.66 105.34 115.74 73.11 88.77 106.61 141.99 61.29 36.89 86.45 81.54 55.01 64.2 76.49 120.77 117.78 90.14 35.61 47.38 119.85 108.19 133.7 117.05 142.13 32.8 94.81 108.05 109.25 141.48 127.56 112.25 69.2 118.71 63.95 121.83 133.69 98.08 123.84 56.64 69.43 120.88 81.61 116.4 102.55 135.77 105.36 66.48 101.02 106.61 147.08 64.08 129.14 46.32 48.26 106.0 70.77 70.38 132.55 62.24 88.23 90.05 115.11 112.61 82.76 143.01 90.08 140.9 52.48 137.77 38.59 116.21
0 0.0 99.28 74.25 90.21 56.08 44.94 38.01 50.7 46.14 54.01 63.91 57.01 20.62 49.19 24.19 66.48 30.87 61.29 41.79 11.31 99.01 93.43 12.53 66.1 25.06 94.89 99.02 47.85 60.83 69.89 16.16 22.67 45.22 84.86 102.0 71.81 43.97 62.01 73.59 67.18 44.18 83.24 26.83 37.7 98.41 69.03 65.01 61.39 94.43 58.52 57.57 103.59 71.06 67.01 22.47 81.41 92.96 76.66 63.07 30.81 61.29 81.27 36.88 60.03 71.11 13.04 63.03 58.87 56.3 111.83 63.64 75.58 57.38 76.03 12.04 31.14 16.03 102.0 83.73 77.9 93.96 70.34 53.34 28.02 54.64 79.32 66.37 76.94 66.07 74.52 52.15 65.52 48.84 76.12 84.9 61.33 48.37 68.25 73.98 74.33
0 99.28 0.0 25.06 12.37 68.47 54.78 62.03 69.63 83.01 88.57 68.88 42.72 84.77 67.0 75.15 83.93 77.67 47.2 74.17 96.25 30.81 35.23 99.57 40.0 74.25 57.22 43.17 51.43 45.04 31.14 89.31 95.9 63.39 31.76 19.7 62.94 76.03 91.78 35.51 42.19 85.0 56.94 79.56 79.25 2.83 35.01 90.47 77.67 5.83 42.64 69.84 9.0 64.2 92.89 76.94 18.03 11.18 55.54 53.71 77.99 55.44 21.63 81.39 51.04 51.26 87.32 49.4 68.88 58.08 16.16 44.01 27.02 42.19 47.8 95.41 86.98 85.76 19.7 55.33 56.36 17.03 74.95 83.49 75.8 58.01 50.09 55.95 58.18 38.05 32.25 54.49 36.77 54.13 58.69 30.41 76.49 83.1 61.1 82.28 28.43
0 74.25 25.06 0.0 18.03 50.16 30.08 37.36 48.47 61.27 69.57 53.0 17.8 60.42 46.57 50.16 68.1 54.15 26.68 52.47 71.28 37.22 34.71 74.63 20.1 49.24 52.48 43.86 26.4 25.08 9.06 64.4 71.45 41.3 27.66 33.11 48.09 54.92 74.32 22.2 25.61 64.13 49.09 55.58 56.04 24.41 17.03 73.79 60.83 20.25 18.6 50.45 30.41 49.04 76.48 51.88 7.81 20.81 42.95 35.23 53.76 38.08 11.66 59.14 30.81 36.22 62.27 30.27 51.43 39.0 38.9 25.55 10.3 17.2 35.17 70.46 64.01 60.75 33.11 45.88 46.23 23.54 60.8 64.51 51.09 38.28 41.05 39.01 47.51 18.87 18.87 31.76 14.56 31.02 45.71 26.48 58.05 63.06 45.0 68.6 10.77
0 90.21 12.37 18.03 0.0 56.22 45.28 52.35 66.21 79.18 76.32 56.52 35.38 74.46 55.08 66.04 71.57 66.76 44.01 62.51 88.24 22.8 41.23 91.68 37.0 65.19 62.36 50.09 42.8 33.38 26.4 81.57 89.11 51.97 20.0 15.52 63.39 64.2 79.43 23.19 30.02 73.06 45.22 68.95 74.06 10.05 23.35 78.1 65.31 12.04 36.62 67.68 13.42 64.5 80.52 68.24 10.3 2.83 57.01 51.92 71.59 43.19 21.0 69.87 48.1 51.35 78.82 47.13 56.57 46.0 21.63 32.06 24.52 34.66 49.01 87.46 75.71 77.62 15.52 58.31 44.29 23.85 62.63 71.25 68.59 46.04 38.08 55.11 46.07 26.48 20.02 49.74 32.2 43.32 60.03 18.6 75.0 71.01 60.83 70.01 25.71
0 56.08 68.47 50.16 56.22 0.0 32.76 31.62 70.77 77.37 20.1 8.06 44.55 35.47 8.06 40.0 19.1 25.3 60.96 14.32 61.39 52.81 83.86 64.76 59.46 40.01 97.74 92.65 38.01 25.08 53.54 58.31 69.26 15.81 40.61 60.83 83.82 12.81 24.17 33.06 26.31 18.79 28.32 29.41 67.47 66.27 34.21 23.85 11.31 66.29 49.5 76.92 68.01 84.05 26.63 44.0 52.89 58.08 82.88 69.2 59.68 13.04 61.74 20.62 63.41 75.07 51.62 65.3 3.0 11.18 74.33 25.0 58.67 43.86 77.08 61.19 27.66 53.24 60.83 88.39 23.35 73.39 16.28 15.03 53.46 12.21 26.93 74.2 21.93 31.62 36.22 57.14 54.04 24.21 84.5 41.44 84.58 15.52 79.63 22.85 58.31
0 44.94 54.78 30.08 45.28 32.76 0.0 7.28 38.6 47.04 47.63 39.4 15.3 30.41 25.61 20.81 51.61 25.32 29.21 27.46 43.86 55.8 57.01 47.42 29.55 20.0 67.12 64.85 5.83 18.97 28.02 37.8 47.01 17.69 41.88 57.38 51.22 30.81 54.45 30.53 25.63 39.45 49.04 26.0 38.12 53.71 24.84 55.23 43.83 50.29 19.31 44.38 58.67 51.4 58.05 23.35 36.77 48.02 50.99 36.8 32.02 27.29 39.05 32.31 31.11 43.28 33.97 33.3 35.36 24.04 66.89 22.14 34.01 15.13 46.04 43.19 35.69 33.3 57.38 57.01 44.0 52.09 48.33 43.19 26.93 22.14 42.43 41.77 44.05 22.2 30.61 24.41 25.71 9.22 52.33 41.62 52.2 40.0 47.01 55.47 33.06
0 38.01 62.03 37.36 52.35 31.62 7.28 0.0 39.36 45.89 43.86 39.05 22.02 23.19 23.77 14.14 49.65 18.97 34.0 23.35 37.8 61.72 63.35 41.4 35.44 13.45 72.07 70.88 12.04 23.85 35.01 32.25 42.15 15.81 47.63 64.03 54.45 26.91 51.22 36.24 30.53 34.83 51.79 19.1 36.22 60.93 31.14 52.43 42.05 57.57 25.5 45.79 65.76 54.45 55.22 17.2 44.01 55.07 55.22 40.61 29.02 29.15 46.17 26.93 35.23 47.71 27.66 37.74 34.48 25.0 73.93 26.93 41.01 22.0 51.0 37.2 29.41 27.46 64.03 61.59 46.53 59.21 47.8 39.82 23.19 23.0 45.88 45.45 46.27 28.28 36.77 27.66 32.25 12.08 56.22 47.51 53.24 36.07 50.21 54.42 40.0
0 50.7 69.63 48.47 66.21 70.77 38.6 39.36 0.0 13.45 82.42 77.83 34.23 52.01 63.07 37.54 89.01 54.56 22.47 62.13 41.3 84.9 49.19 43.05 29.68 36.8 45.0 52.2 34.53 55.23 39.81 34.71 34.23 55.04 72.99 81.54 21.21 65.73 90.14 63.2 61.03 72.62 86.47 52.33 14.04 70.18 56.22 91.59 81.39 63.82 30.81 7.21 77.18 20.4 94.34 35.0 55.95 68.88 27.17 17.2 19.92 65.73 48.01 63.89 18.6 23.77 38.63 20.52 73.54 62.64 85.44 58.14 42.72 35.23 29.15 40.31 63.66 35.11 81.54 34.06 81.74 57.28 86.73 78.77 24.19 60.73 79.16 18.03 82.04 55.04 61.52 17.26 34.01 47.8 26.0 72.18 13.89 74.63 18.0 93.62 41.34
0 46.14 83.01 61.27 79.18 77.37 47.04 45.89 13.45 0.0 86.31 84.93 45.88 52.8 69.38 39.82 94.58 57.71 35.81 66.85 35.34 97.08 61.91 36.06 43.01 39.36 54.92 64.08 44.1 65.12 52.84 30.23 25.71 61.61 84.65 94.37 30.81 70.38 94.37 74.33 71.34 76.06 96.0 54.71 10.3 83.49 67.47 96.25 87.28 77.2 43.08 16.16 90.43 29.61 98.9 36.36 68.88 81.88 38.28 30.48 18.87 74.24 61.4 67.12 32.02 36.36 36.12 33.97 80.28 70.58 98.74 68.18 56.04 46.84 41.68 34.44 65.46 32.56 94.37 44.64 91.02 70.71 93.62 83.26 25.06 68.59 89.09 30.53 91.09 65.92 73.01 29.55 47.01 56.14 36.4 83.93 16.12 78.72 28.79 100.0 54.64
0 54.01 88.57 69.57 76.32 20.1 47.63 43.86 82.42 86.31 0.0 21.84 61.59 35.69 23.26 46.52 13.89 28.64 76.84 20.52 62.39 71.59 102.42 65.19 76.55 46.96 114.62 110.94 53.41 44.64 72.01 61.61 72.37 30.23 60.21 80.4 98.29 16.97 8.25 53.15 46.39 10.44 43.38 31.95 76.03 86.37 54.13 11.0 13.42 86.31 66.29 89.2 88.01 98.31 13.15 50.16 72.78 78.16 98.6 84.22 67.54 33.14 80.99 19.31 78.64 90.91 54.34 80.92 20.02 30.81 94.13 44.91 77.47 61.06 93.6 62.51 23.09 57.01 80.4 104.64 39.56 93.01 22.02 5.1 61.27 31.32 44.64 89.14 37.7 51.42 56.32 71.42 71.69 40.82 99.82 61.13 96.26 7.81 94.05 21.95 76.97
0 63.91 68.88 53.0 56.52 8.06 39.4 39.05 77.83 84.93 21.84 0.0 49.82 43.32 16.0 48.01 15.23 33.24 66.61 22.14 69.43 49.82 87.42 72.78 64.44 48.0 102.53 96.4 44.29 28.43 57.49 66.37 77.32 23.35 39.01 59.03 89.89 20.12 23.09 33.53 27.73 24.08 22.2 37.36 75.13 66.49 36.24 21.59 9.0 67.36 54.82 83.77 67.36 90.21 24.04 52.01 54.63 58.05 88.41 75.17 67.48 15.0 64.66 27.78 69.34 80.6 59.68 71.03 5.1 15.81 73.01 27.46 62.2 49.04 82.22 69.23 34.67 61.29 59.03 93.61 17.89 75.58 8.94 17.46 61.29 17.49 22.8 80.16 16.12 34.13 37.0 63.53 58.69 30.41 90.21 40.05 91.55 20.0 85.76 16.4 62.01
0 57.01 42.72 17.8 35.38 44.55 15.3 22.02 34.23 45.88 61.59 49.82 0.0 45.04 38.6 33.24 63.64 40.61 17.0 42.05 53.54 51.26 41.76 56.86 15.0 32.28 53.26 49.77 10.0 22.85 13.15 46.62 53.74 31.38 38.83 49.65 40.72 45.18 67.8 29.02 27.66 54.13 53.6 41.11 39.36 42.2 22.02 68.12 55.87 37.59 5.0 38.05 48.17 41.23 70.94 34.54 25.5 38.21 38.6 26.0 36.24 35.51 24.52 47.43 20.25 30.81 44.72 21.47 46.69 34.06 56.64 25.3 19.1 1.0 32.53 52.7 50.99 43.05 49.65 43.86 49.34 37.48 58.6 56.86 33.3 32.56 45.89 30.87 49.98 21.1 27.29 17.03 10.44 20.81 40.5 38.08 46.1 54.2 36.77 66.22 18.03
0 20.62 84.77 60.42 74.46 35.47 30.41 23.19 52.01 52.8 35.69 43.32 45.04 0.0 28.65 14.76 47.0 10.3 54.57 21.19 27.0 80.43 85.59 30.07 57.43 15.65 91.76 92.57 35.06 42.72 58.14 25.96 36.67 25.46 66.4 84.72 71.2 23.54 43.93 55.47 48.6 25.32 62.77 6.4 42.64 83.49 51.88 46.53 41.3 80.52 48.04 59.2 87.85 70.83 48.84 17.03 66.76 77.08 73.93 59.24 34.06 41.23 69.35 17.0 54.71 67.07 18.68 57.57 38.28 36.24 95.75 45.22 64.12 45.1 71.17 27.02 13.0 21.54 84.72 80.78 57.45 82.39 50.01 34.06 28.28 34.71 59.2 63.56 56.44 48.76 56.94 46.49 55.01 31.3 74.25 66.61 65.12 29.07 67.12 54.15 63.07
0 49.19 67.0 46.57 55.08 8.06 25.61 23.77 63.07 69.38 23.26 16.0 38.6 28.65 0.0 32.02 26.08 18.36 54.45 8.6 53.85 55.01 79.16 57.28 53.6 32.0 91.83 87.71 31.14 22.09 48.75 50.49 61.4 8.06 41.79 61.68 76.84 9.22 29.21 32.56 25.32 18.0 34.13 22.36 59.44 65.03 32.02 29.7 18.36 64.2 43.42 69.35 67.6 77.01 32.53 36.01 50.36 57.22 76.37 62.37 51.62 13.89 57.87 16.12 56.64 68.59 43.93 58.69 11.05 9.49 74.53 23.02 54.23 38.01 70.94 53.6 23.02 45.4 61.68 82.13 28.84 70.09 24.33 18.36 45.4 9.06 31.11 67.36 27.78 29.07 35.23 50.0 48.55 17.8 77.83 42.38 76.92 16.49 72.62 30.68 53.71
0 24.19 75.15 50.16 66.04 40.0 20.81 14.14 37.54 39.82 46.52 48.01 33.24 14.76 32.02 0.0 55.54 17.89 40.45 27.66 23.85 75.82 72.06 27.46 44.0 1.0 77.16 78.64 23.77 37.8 46.32 18.97 29.61 25.5 61.72 78.1 56.44 31.05 54.63 50.33 44.41 36.24 63.89 15.0 29.53 74.24 45.28 56.65 48.66 70.38 35.36 44.69 79.4 56.08 59.24 4.0 57.25 68.8 59.24 44.6 21.02 41.11 57.72 27.29 40.26 52.5 13.6 43.17 43.0 36.4 87.66 40.8 52.17 33.53 56.75 23.32 26.17 13.93 78.1 66.13 58.52 70.61 56.08 43.66 14.76 34.48 58.69 48.85 57.97 42.43 50.91 32.02 42.43 25.81 59.51 61.62 50.93 39.0 52.35 61.66 50.99
0 66.48 83.93 68.1 71.57 19.1 51.61 49.65 89.01 94.58 13.89 15.23 63.64 47.0 26.08 55.54 0.0 38.33 80.06 27.89 74.0 63.07 102.34 77.03 78.52 55.79 116.78 111.25 57.01 43.27 72.2 72.34 83.29 34.13 53.46 73.11 102.8 24.52 9.85 48.7 42.95 22.36 32.76 42.19 84.43 81.49 51.43 7.07 7.81 82.54 68.59 95.38 82.04 103.0 9.06 59.44 69.86 73.01 101.98 88.24 76.24 30.02 79.76 30.0 82.46 94.18 65.19 84.39 17.03 29.83 87.28 42.54 77.1 62.94 96.17 74.01 35.36 67.48 73.11 107.49 30.07 90.8 10.2 13.15 69.92 31.14 36.0 93.24 28.07 49.24 52.2 76.03 73.0 43.28 103.59 54.59 102.88 18.11 98.6 8.06 76.84
0 30.87 77.67 54.15 66.76 25.3 25.32 18.97 54.56 57.71 28.64 33.24 40.61 10.3 18.36 17.89 38.33 0.0 52.8 11.18 36.35 71.03 82.23 39.62 54.41 18.36 90.79 89.84 30.81 34.01 53.24 34.06 45.04 15.81 57.14 76.03 72.01 14.0 36.77 46.53 39.45 18.36 52.48 4.12 47.41 76.16 43.66 38.9 32.0 73.82 44.38 61.55 80.01 71.84 41.44 21.54 59.84 69.26 73.57 58.83 38.91 31.14 64.03 9.43 53.71 66.24 27.0 56.36 28.16 26.17 87.66 36.24 59.21 40.45 69.78 36.22 10.44 29.15 76.03 80.13 47.17 77.01 40.31 25.96 32.65 24.76 49.04 63.51 46.14 40.5 48.33 45.79 50.99 23.54 74.33 57.45 68.25 21.19 67.8 45.01 58.31
0 61.29 47.2 26.68 44.01 60.96 29.21 34.0 22.47 35.81 76.84 66.61 17.0 54.57 54.45 40.45 80.06 52.8 0.0 56.61 54.82 63.79 32.14 57.57 7.21 39.46 38.08 38.21 23.43 39.81 17.72 47.54 51.43 46.75 53.0 59.46 23.77 60.0 83.55 44.55 44.27 68.51 70.21 52.2 32.8 47.71 37.66 84.15 72.25 41.4 12.08 23.77 54.71 24.35 86.98 40.05 33.84 46.62 21.93 9.22 33.62 52.48 25.61 60.9 4.12 14.14 48.26 4.47 63.25 50.8 62.97 42.15 20.25 17.89 17.0 53.85 63.16 45.54 59.46 27.8 66.13 35.81 75.45 72.35 33.73 49.2 62.36 13.93 66.85 37.36 42.19 9.22 12.17 36.8 23.6 52.01 31.4 69.2 19.92 83.01 18.87
0 41.79 74.17 52.47 62.51 14.32 27.46 23.35 62.13 66.85 20.52 22.14 42.05 21.19 8.6 27.66 27.89 11.18 56.61 0.0 47.52 63.53 83.57 50.8 56.82 27.89 94.58 91.79 33.29 29.15 53.45 45.0 56.0 11.18 50.16 69.89 77.78 3.61 28.02 40.52 33.24 12.08 42.2 15.3 56.65 72.34 39.2 29.53 21.1 71.0 46.53 68.82 75.31 77.79 32.25 31.58 57.01 64.78 78.24 63.78 48.38 22.47 63.35 7.62 58.26 70.6 38.05 60.61 17.09 17.89 82.46 30.59 59.2 41.63 73.5 47.38 14.42 40.01 69.89 84.4 37.01 75.95 29.15 16.64 42.06 17.09 39.62 68.68 35.81 36.12 42.95 50.93 52.39 21.84 79.4 50.7 76.01 12.73 73.54 34.13 58.52
0 11.31 96.25 71.28 88.24 61.39 43.86 37.8 41.3 35.34 62.39 69.43 53.54 27.0 53.85 23.85 74.0 36.35 54.82 47.52 0.0 99.49 86.68 3.61 60.41 24.41 86.15 91.55 45.45 61.61 65.76 7.28 11.4 48.47 85.43 101.14 62.51 50.25 70.58 74.03 68.24 52.15 87.09 32.25 27.66 95.69 68.68 73.33 68.18 91.07 54.12 47.85 101.4 61.66 75.54 20.62 78.82 91.05 68.03 55.23 22.02 64.47 76.92 44.0 52.95 63.13 10.3 55.9 64.33 59.62 109.81 64.64 71.11 54.08 68.26 1.0 39.32 10.63 101.14 75.06 81.71 89.16 76.66 61.03 21.19 57.78 82.29 58.01 80.99 65.95 74.41 45.61 60.84 49.65 67.19 85.28 50.92 56.04 59.21 81.1 69.78
0 99.01 30.81 37.22 22.8 52.81 55.8 61.72 84.9 97.08 71.59 49.82 51.26 80.43 55.01 75.82 63.07 71.03 63.79 63.53 99.49 0.0 63.91 103.08 57.31 75.17 85.16 72.62 55.57 38.18 46.27 93.6 102.63 55.22 14.14 12.21 85.01 63.98 72.34 25.5 31.89 71.51 31.26 74.2 90.47 28.02 31.06 70.11 58.69 33.54 54.12 87.48 24.08 86.02 72.03 78.87 31.02 21.54 79.16 72.44 86.35 41.15 43.42 71.12 67.9 73.0 89.38 67.48 51.92 45.65 26.0 35.38 46.01 50.33 71.18 98.86 77.9 89.02 12.21 80.89 33.02 46.1 53.01 66.94 82.15 46.65 27.17 76.16 35.01 33.6 25.24 67.72 51.62 50.21 82.1 14.21 95.19 68.31 82.1 59.14 47.0
0 93.43 35.23 34.71 41.23 83.86 57.01 63.35 49.19 61.91 102.42 87.42 41.76 85.59 79.16 72.06 102.34 82.23 32.14 83.57 86.68 63.91 0.0 89.27 28.16 71.06 22.02 9.22 51.42 59.08 30.41 79.43 82.22 72.62 59.36 54.34 33.97 86.54 107.91 56.59 60.31 95.63 83.1 82.38 62.39 37.48 51.74 107.7 94.87 30.81 37.85 46.04 44.18 35.38 110.45 72.01 35.81 42.38 25.5 32.31 65.0 72.42 23.35 89.19 33.73 25.55 80.4 30.81 85.44 72.72 50.04 60.0 25.24 42.06 20.25 85.7 92.65 77.65 54.34 22.36 80.66 18.25 95.43 97.49 65.76 71.69 75.17 31.38 82.04 53.41 53.08 41.3 31.32 61.85 28.43 57.98 50.25 95.34 34.06 103.23 25.55
0 12.53 99.57 74.63 91.68 64.76 47.42 41.4 43.05 36.06 65.19 72.78 56.86 30.07 57.28 27.46 77.03 39.62 57.57 50.8 3.61 103.08 89.27 0.0 63.32 28.02 88.02 93.9 48.92 65.22 68.96 10.3 10.82 52.0 89.02 104.66 64.2 53.46 73.33 77.62 71.85 55.04 90.62 35.51 29.15 99.05 72.25 76.16 71.34 94.34 57.31 49.37 104.81 63.29 78.31 24.21 82.2 94.49 70.01 57.56 24.33 68.03 80.06 47.04 55.54 65.38 13.89 58.46 67.68 63.16 113.23 68.24 74.24 57.43 70.58 4.24 42.11 14.14 104.66 77.0 85.23 92.2 79.91 64.0 24.17 61.33 85.87 60.13 84.5 69.53 77.99 48.38 63.95 53.25 69.03 88.87 51.92 59.0 61.03 84.21 72.9
0 66.1 40.0 20.1 37.0 59.46 29.55 35.44 29.68 43.01 76.55 64.44 15.0 57.43 53.6 44.0 78.52 54.41 7.21 56.82 60.41 57.31 28.16 63.32 0.0 43.0 38.29 35.44 23.77 36.62 11.05 53.14 57.8 46.32 47.17 52.5 28.44 60.03 82.8 39.56 40.25 68.88 65.92 54.34 39.7 40.5 32.89 83.1 70.77 34.21 10.3 30.68 47.51 29.27 85.91 44.18 26.93 39.56 24.6 15.13 39.82 49.82 18.44 61.85 11.18 17.09 53.15 10.2 61.52 48.8 55.76 38.59 13.04 15.62 17.8 59.46 64.85 50.7 52.5 29.21 62.17 29.15 73.11 71.85 39.22 47.38 57.94 19.03 63.06 33.11 36.88 15.26 6.32 35.81 26.93 46.1 38.08 69.12 25.08 80.81 11.66
0 25.06 74.25 49.24 65.19 40.01 20.0 13.45 36.8 39.36 46.96 48.0 32.28 15.65 32.0 1.0 55.79 18.36 39.46 27.89 24.41 75.17 71.06 28.02 43.0 0.0 76.22 77.65 22.85 37.2 45.35 19.31 29.83 25.32 61.07 77.34 55.57 31.32 55.04 49.68 43.83 36.72 63.6 15.62 29.07 73.36 44.55 57.01 48.84 69.46 34.37 43.93 78.55 55.23 59.62 4.12 56.36 67.96 58.31 43.66 20.62 40.8 56.75 27.78 39.29 51.55 14.21 42.2 43.01 36.14 86.82 40.22 51.2 32.57 55.79 23.85 26.87 14.32 77.34 65.19 58.24 69.63 56.14 44.01 14.32 34.21 58.31 47.93 57.72 41.73 50.21 31.05 41.44 25.24 58.6 60.96 50.25 39.4 51.48 61.81 50.01
0 94.89 57.22 52.48 62.36 97.74 67.12 72.07 45.0 54.92 114.62 102.53 53.26 91.76 91.83 77.16 116.78 90.79 38.08 94.58 86.15 85.16 22.02 88.02 38.29 76.22 0.0 15.81 61.29 74.33 45.61 79.31 79.1 84.4 79.2 76.12 24.19 97.91 121.04 74.63 77.01 106.53 101.55 89.96 59.01 59.41 68.82 121.38 109.04 52.61 48.41 39.2 66.19 25.32 124.2 75.96 55.54 63.79 18.25 32.57 64.28 87.73 42.54 98.98 37.16 24.7 82.2 34.44 99.76 87.0 72.01 75.93 42.19 53.91 21.1 85.15 101.08 78.92 76.12 11.18 98.47 40.2 111.07 110.0 67.08 85.63 93.49 28.64 99.62 69.81 71.34 45.31 43.84 74.03 19.0 77.88 39.85 107.07 27.0 118.83 41.88
0 99.02 43.17 43.86 50.09 92.65 64.85 70.88 52.2 64.08 110.94 96.4 49.77 92.57 87.71 78.64 111.25 89.84 38.21 91.79 91.55 72.62 9.22 93.9 35.44 77.65 15.81 0.0 59.14 68.01 39.12 84.38 86.12 80.96 68.51 62.64 34.13 94.85 116.62 65.8 69.43 103.87 92.31 89.74 65.97 45.61 60.88 116.5 103.73 39.22 45.54 47.93 51.97 35.51 119.27 78.23 45.0 51.08 25.94 36.35 69.58 81.4 32.56 97.14 39.0 28.64 86.01 36.0 94.3 81.54 57.14 69.03 34.21 50.16 23.35 90.55 100.28 83.05 62.64 20.62 89.87 26.57 104.48 106.07 71.06 80.45 84.39 34.21 91.24 62.48 62.29 47.04 39.4 70.21 28.3 67.12 50.77 103.75 35.34 112.29 34.41
0 47.85 51.43 26.4 42.8 38.01 5.83 12.04 34.53 44.1 53.41 44.29 10.0 35.06 31.14 23.77 57.01 30.81 23.43 33.29 45.45 55.57 51.42 48.92 23.77 22.85 61.29 59.14 0.0 21.02 23.09 38.9 47.2 23.35 42.05 55.9 45.8 36.62 60.14 31.02 27.29 45.28 52.09 31.14 35.9 50.61 24.6 60.83 49.2 46.62 13.6 39.85 56.04 46.04 63.66 25.55 33.62 45.61 45.28 31.24 30.87 31.32 34.37 38.08 25.5 37.54 36.06 27.59 40.5 28.64 64.4 24.08 29.07 10.05 40.22 44.69 41.23 34.83 55.9 51.22 47.27 47.38 53.24 48.92 26.63 26.83 45.01 36.24 47.52 22.47 30.41 19.24 20.22 13.89 46.69 41.59 47.8 45.8 41.62 60.54 28.02
0 60.83 45.04 25.08 33.38 25.08 18.97 23.85 55.23 65.12 44.64 28.43 22.85 42.72 22.09 37.8 43.27 34.01 39.81 29.15 61.61 38.18 59.08 65.22 36.62 37.2 74.33 68.01 21.02 0.0 29.07 56.08 65.74 18.68 24.04 42.06 63.56 31.0 49.24 12.81 6.71 40.05 31.26 36.72 56.72 43.19 10.05 48.76 35.85 42.11 27.73 60.02 46.32 64.08 51.48 41.05 28.28 35.69 61.06 48.85 50.96 13.45 36.67 36.5 43.08 53.34 51.4 44.28 26.42 13.93 53.76 3.16 33.84 21.93 54.41 61.03 42.45 51.31 42.06 65.8 26.68 48.38 36.77 39.56 45.88 13.34 24.0 53.71 27.2 7.0 14.32 38.83 30.61 12.04 63.13 24.08 68.07 38.47 59.62 44.55 33.6
0 69.89 31.14 9.06 26.4 53.54 28.02 35.01 39.81 52.84 72.01 57.49 13.15 58.14 48.75 46.32 72.2 53.24 17.72 53.45 65.76 46.27 30.41 68.96 11.05 45.35 45.61 39.12 23.09 29.07 0.0 58.67 64.82 42.38 36.35 41.79 39.2 56.3 77.52 29.55 31.4 65.46 56.36 54.01 48.27 31.14 23.32 77.39 64.64 25.61 11.66 41.48 37.8 40.11 80.16 47.43 16.16 29.07 34.48 26.17 46.86 42.52 11.4 59.44 21.84 27.46 57.38 21.21 55.22 42.44 46.23 30.41 6.0 13.04 26.93 64.88 63.51 55.46 41.79 38.01 53.0 24.33 65.8 67.08 44.94 41.34 48.3 30.0 54.08 24.21 26.57 23.6 5.83 31.62 37.11 35.23 49.03 65.0 36.01 73.59 5.1
0 16.16 89.31 64.4 81.57 58.31 37.8 32.25 34.71 30.23 61.61 66.37 46.62 25.96 50.49 18.97 72.34 34.06 47.54 45.0 7.28 93.6 79.43 10.3 53.14 19.31 79.31 84.38 38.9 56.08 58.67 0.0 11.0 44.38 79.63 94.76 55.9 48.04 69.86 68.24 62.77 51.2 82.86 30.15 21.54 88.81 62.63 72.37 66.03 84.06 47.01 41.48 94.64 55.11 74.73 15.23 72.01 84.39 61.13 48.09 15.03 60.08 69.77 42.58 45.71 56.04 7.28 48.66 61.29 55.36 103.08 59.17 63.95 47.2 61.13 6.32 38.9 5.1 94.76 68.18 77.49 81.94 74.06 59.68 13.93 53.45 77.62 51.01 76.92 60.0 68.41 38.33 53.67 44.29 60.41 79.4 45.19 54.74 52.47 79.06 62.61
0 22.67 95.9 71.45 89.11 69.26 47.01 42.15 34.23 25.71 72.37 77.32 53.74 36.67 61.4 29.61 83.29 45.04 51.43 56.0 11.4 102.63 82.22 10.82 57.8 29.83 79.1 86.12 47.2 65.74 64.82 11.0 0.0 55.11 88.84 102.94 55.01 59.03 80.6 77.52 72.45 61.98 93.41 41.11 20.22 95.67 71.56 83.19 77.03 90.43 53.26 40.0 101.86 54.0 85.51 25.71 79.21 91.93 61.4 50.0 18.03 70.6 75.45 53.46 48.85 57.49 18.11 51.62 72.25 65.97 110.34 68.88 69.63 54.45 62.82 10.82 49.48 16.03 102.94 68.26 88.06 86.95 85.05 70.58 20.62 64.03 87.92 51.97 87.56 69.12 77.39 42.54 59.41 54.23 60.13 88.51 41.77 65.62 52.15 90.05 68.24
0 45.22 63.39 41.3 51.97 15.81 17.69 15.81 55.04 61.61 30.23 23.35 31.38 25.46 8.06 25.5 34.13 15.81 46.75 11.18 48.47 55.22 72.62 52.0 46.32 25.32 84.4 80.96 23.35 18.68 42.38 44.38 55.11 0.0 41.34 60.42 68.88 13.93 36.8 30.87 23.71 23.09 38.63 19.1 51.79 61.66 28.64 37.54 26.42 60.03 36.06 61.29 65.0 69.03 40.36 29.43 46.01 54.34 68.62 54.49 44.18 16.12 52.17 18.03 48.8 60.88 38.28 50.93 18.68 11.18 72.42 20.62 48.08 30.89 63.41 48.1 23.77 39.29 60.42 74.52 33.24 64.78 32.02 25.61 38.05 9.43 34.13 59.46 32.57 25.5 32.89 42.01 41.59 10.77 70.01 41.68 68.88 22.83 64.66 38.63 47.43
0 84.86 31.76 27.66 20.0 40.61 41.88 47.63 72.99 84.65 60.21 39.01 38.83 66.4 41.79 61.72 53.46 57.14 53.0 50.16 85.43 14.14 59.36 89.02 47.17 61.07 79.2 68.51 42.05 24.04 36.35 79.63 88.84 41.34 0.0 20.22 75.54 50.92 62.07 11.4 17.8 58.94 25.24 60.22 77.49 29.07 17.46 60.3 48.01 32.02 42.3 76.24 28.64 76.42 62.51 64.82 23.71 20.59 70.61 62.03 72.92 28.16 36.67 57.78 57.01 63.79 75.29 57.04 40.2 32.31 34.0 21.26 37.64 37.85 62.82 84.81 64.4 75.0 20.22 73.38 24.7 43.19 43.93 55.33 68.48 33.11 18.38 66.19 26.57 19.72 11.7 55.73 41.05 36.07 73.35 1.41 84.15 56.09 72.25 50.96 38.33
0 102.0 19.7 33.11 15.52 60.83 57.38 64.03 81.54 94.37 80.4 59.03 49.65 84.72 61.68 78.1 73.11 76.03 59.46 69.89 101.14 12.21 54.34 104.66 52.5 77.34 76.12 62.64 55.9 42.06 41.79 94.76 102.94 60.42 20.22 0.0 78.77 70.88 82.0 29.55 36.77 79.08 42.45 78.77 88.84 17.09 33.02 80.06 68.03 23.54 51.48 83.17 12.04 79.91 82.15 80.72 25.63 13.15 72.17 67.45 85.8 48.27 36.22 77.49 63.57 66.75 91.35 62.64 60.41 52.2 14.32 39.81 40.02 48.83 64.2 100.42 83.93 90.52 0.0 73.03 43.42 36.14 63.29 75.54 82.33 52.81 37.22 70.61 45.4 36.06 27.78 64.85 47.54 53.54 75.24 19.42 90.52 76.3 76.3 69.87 41.23
0 71.81 62.94 48.09 63.39 83.82 51.22 54.45 21.21 30.81 98.29 89.89 40.72 71.2 76.84 56.44 102.8 72.01 23.77 77.78 62.51 85.01 33.97 64.2 28.44 55.57 24.19 34.13 45.8 63.56 39.2 55.9 55.01 68.88 75.54 78.77 0.0 81.32 105.48 67.91 68.01 89.2 93.92 70.46 35.06 64.29 61.13 106.4 95.0 57.28 35.85 15.03 71.57 1.41 109.22 54.56 54.04 65.62 8.49 14.76 41.0 76.06 42.58 80.92 20.59 12.04 59.48 19.31 86.27 74.09 79.06 65.92 39.05 41.63 15.23 61.52 81.84 56.04 78.77 13.93 89.89 47.42 98.79 94.11 44.6 72.4 86.02 9.85 90.62 61.03 65.31 26.91 34.71 59.64 5.83 74.43 16.64 90.51 4.24 106.23 38.01
0 43.97 76.03 54.92 64.2 12.81 30.81 26.91 65.73 70.38 16.97 20.12 45.18 23.54 9.22 31.05 24.52 14.0 60.0 3.61 50.25 63.98 86.54 53.46 60.03 31.32 97.91 94.85 36.62 31.0 56.3 48.04 59.03 13.93 50.92 70.88 81.32 0.0 24.41 41.77 34.53 9.22 41.11 18.03 60.17 74.11 41.01 25.94 18.0 73.06 49.74 72.42 76.79 81.34 28.65 34.93 59.14 66.37 81.69 67.27 51.87 22.85 65.97 7.81 61.72 74.03 41.0 64.03 15.26 18.68 83.74 32.14 61.98 44.72 76.84 50.16 14.87 43.1 70.88 87.8 36.07 78.45 26.48 13.04 45.54 18.25 39.2 72.18 34.71 38.0 44.41 54.45 55.46 24.7 82.88 51.55 79.61 9.22 77.08 31.02 61.35
0 62.01 91.78 74.32 79.43 24.17 54.45 51.22 90.14 94.37 8.25 23.09 67.8 43.93 29.21 54.63 9.85 36.77 83.55 28.02 70.58 72.34 107.91 73.33 82.8 55.04 121.04 116.62 60.14 49.24 77.52 69.86 80.6 36.8 62.07 82.0 105.48 24.41 0.0 56.29 50.0 18.68 42.45 40.16 84.1 89.44 58.19 3.61 14.14 89.99 72.62 96.83 90.45 105.55 5.0 58.31 76.84 81.05 105.42 91.22 75.64 36.69 85.91 27.51 85.56 97.67 62.59 87.73 23.09 35.34 96.05 49.04 82.76 67.2 100.12 70.71 31.26 65.25 82.0 111.29 39.46 97.5 19.92 11.4 69.35 36.24 45.18 96.18 37.48 55.71 59.67 78.57 77.67 47.01 106.78 63.13 104.01 15.65 101.24 17.03 82.37
0 73.59 35.51 22.2 23.19 33.06 30.53 36.24 63.2 74.33 53.15 33.53 29.02 55.47 32.56 50.33 48.7 46.53 44.55 40.52 74.03 25.5 56.59 77.62 39.56 49.68 74.63 65.8 31.02 12.81 29.55 68.24 77.52 30.87 11.4 29.55 67.91 41.77 56.29 0.0 7.28 50.36 26.93 49.4 66.76 33.24 7.0 55.08 42.2 33.84 33.06 67.01 35.13 68.66 57.57 53.41 21.63 25.02 63.91 53.76 61.85 20.02 33.24 48.08 48.37 56.61 63.89 48.84 33.38 23.19 41.98 10.3 32.45 28.02 56.46 73.41 54.42 63.6 29.55 67.54 24.08 42.72 40.25 48.09 57.25 23.54 18.87 58.25 25.46 8.54 3.61 46.04 33.24 24.76 66.41 11.31 75.03 48.04 64.33 47.89 32.76
0 67.18 42.19 25.61 30.02 26.31 25.63 30.53 61.03 71.34 46.39 27.73 27.66 48.6 25.32 44.41 42.95 39.45 44.27 33.24 68.24 31.89 60.31 71.85 40.25 43.83 77.01 69.43 27.29 6.71 31.4 62.77 72.45 23.71 17.8 36.77 68.01 34.53 50.0 7.28 0.0 43.19 25.96 42.44 63.15 40.05 8.6 49.04 36.06 40.02 32.28 65.49 42.3 68.62 51.62 47.71 26.93 32.02 64.85 53.45 57.57 13.34 37.2 40.8 47.8 57.27 58.01 48.7 26.93 16.03 49.24 3.61 35.36 26.68 57.8 67.68 47.17 57.98 36.77 69.12 21.93 47.85 35.23 41.3 52.55 16.28 18.25 58.19 22.83 7.21 10.0 44.28 34.0 18.6 67.12 18.03 73.55 41.0 64.2 43.01 35.38
0 44.18 85.0 64.13 73.06 18.79 39.45 34.83 72.62 76.06 10.44 24.08 54.13 25.32 18.0 36.24 22.36 18.36 68.51 12.08 52.15 71.51 95.63 55.04 68.88 36.72 106.53 103.87 45.28 40.05 65.46 51.2 61.98 23.09 58.94 79.08 89.2 9.22 18.68 50.36 43.19 0.0 46.23 21.54 65.76 83.02 50.01 21.21 18.36 82.15 58.59 79.51 85.48 89.14 23.54 39.81 68.26 75.17 90.0 75.43 57.25 30.81 75.19 8.94 70.0 82.42 43.93 72.42 20.25 27.17 92.23 41.01 71.17 53.71 85.44 52.24 13.04 46.57 79.08 96.26 41.62 87.66 27.78 9.22 51.0 27.02 45.65 80.28 40.0 47.04 53.15 62.48 64.47 33.84 91.05 59.67 86.4 4.47 84.96 30.08 70.52
0 83.24 56.94 49.09 45.22 28.32 49.04 51.79 86.47 96.0 43.38 22.2 53.6 62.77 34.13 63.89 32.76 52.48 70.21 42.2 87.09 31.26 83.1 90.62 65.92 63.6 101.55 92.31 52.09 31.26 56.36 82.86 93.41 38.63 25.24 42.45 93.92 41.11 42.45 26.93 25.96 46.23 0.0 56.44 87.14 54.2 33.11 39.81 29.97 57.2 58.24 91.24 52.92 94.56 41.44 67.72 47.42 45.79 90.47 79.4 80.62 22.8 59.82 48.92 73.76 83.01 76.9 74.63 26.17 27.51 56.75 28.44 59.36 52.63 83.19 86.73 55.97 77.79 42.45 94.37 5.39 67.94 22.56 39.45 74.97 29.41 8.06 84.12 6.4 32.89 30.23 70.04 59.62 40.2 92.85 26.63 99.3 42.2 90.14 28.0 59.68
0 26.83 79.56 55.58 68.95 29.41 26.0 19.1 52.33 54.71 31.95 37.36 41.11 6.4 22.36 15.0 42.19 4.12 52.2 15.3 32.25 74.2 82.38 35.51 54.34 15.62 89.96 89.74 31.14 36.72 54.01 30.15 41.11 19.1 60.22 78.77 70.46 18.03 40.16 49.4 42.44 21.54 56.44 0.0 44.42 78.16 46.1 42.45 36.01 75.5 44.55 59.41 82.28 70.21 44.92 18.36 61.61 71.51 72.47 57.71 35.85 34.83 65.03 12.65 52.8 65.31 23.02 55.54 32.28 29.83 90.08 39.12 60.01 41.05 69.08 32.14 11.4 25.32 78.77 79.16 51.11 78.06 44.41 29.61 29.68 28.32 52.8 62.27 50.12 42.95 51.0 44.72 51.35 25.63 73.06 60.46 65.86 24.74 66.29 49.0 59.03
0 37.7 79.25 56.04 74.06 67.47 38.12 36.22 14.04 10.3 76.03 75.13 39.36 42.64 59.44 29.53 84.43 47.41 32.8 56.65 27.66 90.47 62.39 29.15 39.7 29.07 59.01 65.97 35.9 56.72 48.27 21.54 20.22 51.79 77.49 88.84 35.06 60.17 84.1 66.76 63.15 65.76 87.14 44.42 0.0 79.4 60.08 86.01 77.2 73.55 37.44 20.22 86.05 34.13 88.64 26.08 63.82 76.84 41.19 30.08 8.6 65.01 58.0 56.82 29.68 37.36 26.63 32.25 70.41 61.13 94.49 59.84 52.33 40.25 42.72 26.68 55.22 23.02 88.84 48.09 82.05 68.6 83.74 73.01 14.76 59.14 80.5 31.78 82.01 58.24 65.79 24.76 42.52 47.01 40.01 76.9 23.71 68.45 32.02 89.99 50.91
0 98.41 2.83 24.41 10.05 66.27 53.71 60.93 70.18 83.49 86.37 66.49 42.2 83.49 65.03 74.24 81.49 76.16 47.71 72.34 95.69 28.02 37.48 99.05 40.5 73.36 59.41 45.61 50.61 43.19 31.14 88.81 95.67 61.66 29.07 17.09 64.29 74.11 89.44 33.24 40.05 83.02 54.2 78.16 79.4 0.0 33.14 88.07 75.31 7.07 42.45 70.66 7.28 65.52 90.47 76.16 17.0 8.54 57.07 54.56 77.83 53.24 22.36 79.63 51.62 52.5 86.61 50.12 66.61 56.01 15.26 42.01 27.46 41.62 49.24 94.87 85.33 85.15 17.09 57.14 53.71 19.24 72.42 81.3 75.43 56.01 47.42 57.01 55.54 36.22 30.07 54.67 36.88 52.63 60.21 27.73 77.47 81.02 62.3 79.71 28.84
0 69.03 35.01 17.03 23.35 34.21 24.84 31.14 56.22 67.47 54.13 36.24 22.02 51.88 32.02 45.28 51.43 43.66 37.66 39.2 68.68 31.06 51.74 72.25 32.89 44.55 68.82 60.88 24.6 10.05 23.32 62.63 71.56 28.64 17.46 33.02 61.13 41.01 58.19 7.0 8.6 50.01 33.11 46.1 60.08 33.14 0.0 57.38 44.38 32.25 26.08 60.01 36.4 61.85 60.01 48.1 18.68 25.71 57.38 46.87 55.46 21.54 28.6 46.53 41.44 49.98 58.69 41.98 35.11 23.35 44.01 9.22 26.91 21.02 50.09 68.01 52.39 58.14 33.02 61.29 29.68 39.4 43.83 49.03 51.11 23.09 25.08 51.42 30.81 3.16 5.83 39.05 26.57 20.59 59.81 17.0 68.03 48.26 57.49 51.61 27.02
0 65.01 90.47 73.79 78.1 23.85 55.23 52.43 91.59 96.25 11.0 21.59 68.12 46.53 29.7 56.65 7.07 38.9 84.15 29.53 73.33 70.11 107.7 76.16 83.1 57.01 121.38 116.5 60.83 48.76 77.39 72.37 83.19 37.54 60.3 80.06 106.4 25.94 3.61 55.08 49.04 21.21 39.81 42.45 86.01 88.07 57.38 0.0 13.0 88.89 73.0 98.18 88.81 106.53 2.83 60.41 75.96 79.62 106.07 92.02 77.62 35.85 85.42 29.83 86.31 98.29 65.12 88.39 22.36 34.99 94.19 48.33 82.49 67.48 100.57 73.44 34.06 67.68 80.06 111.8 37.12 96.77 17.26 13.0 71.31 36.06 43.01 97.0 35.13 55.04 58.52 79.51 77.8 47.42 107.52 61.4 105.48 17.72 102.18 13.6 82.15
0 61.39 77.67 60.83 65.31 11.31 43.83 42.05 81.39 87.28 13.42 9.0 55.87 41.3 18.36 48.66 7.81 32.0 72.25 21.1 68.18 58.69 94.87 71.34 70.77 48.84 109.04 103.73 49.2 35.85 64.64 66.03 77.03 26.42 48.01 68.03 95.0 18.0 14.14 42.2 36.06 18.36 29.97 36.01 77.2 75.31 44.38 13.0 0.0 75.96 60.81 87.71 76.32 95.21 15.65 52.61 62.97 66.91 94.18 80.43 69.12 22.85 72.47 24.52 74.65 86.37 59.0 76.58 9.43 22.2 82.01 35.34 69.64 55.17 88.39 68.12 30.68 61.07 68.03 99.7 26.25 83.77 9.43 9.9 62.82 23.43 31.58 85.43 24.35 42.05 45.61 68.24 65.3 35.47 95.78 49.04 95.26 13.89 90.8 13.04 69.34
0 94.43 5.83 20.25 12.04 66.29 50.29 57.57 63.82 77.2 86.31 67.36 37.59 80.52 64.2 70.38 82.54 73.82 41.4 71.0 91.07 33.54 30.81 94.34 34.21 69.46 52.61 39.22 46.62 42.11 25.61 84.06 90.43 60.03 32.02 23.54 57.28 73.06 89.99 33.84 40.02 82.15 57.2 75.5 73.55 7.07 32.25 88.89 75.96 0.0 37.2 64.01 14.32 58.52 91.39 72.01 14.04 12.21 50.01 47.89 72.47 53.37 15.81 78.06 45.22 45.54 82.3 43.57 66.94 55.58 21.93 41.44 21.26 37.12 42.2 90.21 83.38 80.62 23.54 50.09 56.08 12.65 73.93 81.22 70.46 55.33 49.93 50.16 57.8 35.13 30.36 48.8 31.14 50.36 53.15 30.61 70.68 80.5 55.36 81.44 22.67
0 58.52 42.64 18.6 36.62 49.5 19.31 25.5 30.81 43.08 66.29 54.82 5.0 48.04 43.42 35.36 68.59 44.38 12.08 46.53 54.12 54.12 37.85 57.31 10.3 34.37 48.41 45.54 13.6 27.73 11.66 47.01 53.26 36.06 42.3 51.48 35.85 49.74 72.62 33.06 32.28 58.59 58.24 44.55 37.44 42.45 26.08 73.0 60.81 37.2 0.0 34.01 48.84 36.4 75.82 36.14 26.4 39.41 33.6 21.19 35.38 40.5 22.85 51.62 15.52 25.81 45.88 16.55 51.66 39.05 57.31 30.08 17.09 5.83 27.59 53.24 54.82 43.86 51.48 38.9 54.08 35.44 63.6 61.61 33.29 37.54 50.45 26.0 54.78 25.5 31.02 13.6 7.07 25.61 35.51 41.44 42.0 58.83 31.95 71.22 15.81
0 57.57 69.84 50.45 67.68 76.92 44.38 45.79 7.21 16.16 89.2 83.77 38.05 59.2 69.35 44.69 95.38 61.55 23.77 68.82 47.85 87.48 46.04 49.37 30.68 43.93 39.2 47.93 39.85 60.02 41.48 41.48 40.0 61.29 76.24 83.17 15.03 72.42 96.83 67.01 65.49 79.51 91.24 59.41 20.22 70.66 60.01 98.18 87.71 64.01 34.01 0.0 77.82 14.0 100.96 42.2 57.57 70.23 22.14 16.12 26.93 71.17 48.3 70.84 19.65 20.62 45.69 20.62 79.62 68.35 85.88 62.8 43.46 39.05 25.81 46.87 70.77 42.15 83.17 28.64 86.68 56.22 92.7 85.45 31.38 66.48 83.73 14.87 87.1 59.14 65.03 21.21 35.9 53.49 20.4 75.33 8.06 81.4 12.65 99.74 42.15
0 103.59 9.0 30.41 13.42 68.01 58.67 65.76 77.18 90.43 88.01 67.36 48.17 87.85 67.6 79.4 82.04 80.01 54.71 75.31 101.4 24.08 44.18 104.81 47.51 78.55 66.19 51.97 56.04 46.32 37.8 94.64 101.86 65.0 28.64 12.04 71.57 76.79 90.45 35.13 42.3 85.48 52.92 82.28 86.05 7.28 36.4 88.81 76.32 14.32 48.84 77.82 0.0 72.8 91.08 81.54 22.67 10.77 64.33 61.74 84.15 55.04 29.55 82.76 58.67 59.77 92.09 57.25 68.03 58.31 8.49 44.72 34.48 47.51 56.52 100.6 88.77 90.8 12.04 64.28 53.16 26.02 72.57 83.0 81.47 58.55 46.84 64.26 55.08 39.56 32.39 61.4 43.6 56.65 67.47 27.46 84.69 83.15 69.57 79.56 35.85
0 71.06 64.2 49.04 64.5 84.05 51.4 54.45 20.4 29.61 98.31 90.21 41.23 70.83 77.01 56.08 103.0 71.84 24.35 77.79 61.66 86.02 35.38 63.29 29.27 55.23 25.32 35.51 46.04 64.08 40.11 55.11 54.0 69.03 76.42 79.91 1.41 81.34 105.55 68.66 68.62 89.14 94.56 70.21 34.13 65.52 61.85 106.53 95.21 58.52 36.4 14.0 72.8 0.0 109.34 54.12 55.08 66.75 9.9 15.23 40.26 76.48 43.74 80.81 21.02 13.15 58.82 19.92 86.53 74.43 80.32 66.48 40.11 42.15 16.55 60.67 81.61 55.36 79.91 15.23 90.48 48.75 99.13 94.18 44.01 72.72 86.68 10.44 91.18 61.68 66.1 27.02 35.51 59.91 7.21 75.33 15.26 90.52 4.47 106.53 39.05
0 67.01 92.89 76.48 80.52 26.63 58.05 55.22 94.34 98.9 13.15 24.04 70.94 48.84 32.53 59.24 9.06 41.44 86.98 32.25 75.54 72.03 110.45 78.31 85.91 59.62 124.2 119.27 63.66 51.48 80.16 74.73 85.51 40.36 62.51 82.15 109.22 28.65 5.0 57.57 51.62 23.54 41.44 44.92 88.64 90.47 60.01 2.83 15.65 91.39 75.82 100.96 91.08 109.34 0.0 62.97 78.55 82.0 108.89 94.85 80.23 38.48 88.12 32.28 89.14 101.12 67.47 91.22 25.06 37.74 96.33 50.99 85.23 70.29 103.39 75.66 36.22 70.09 82.15 114.63 39.01 99.4 19.03 15.65 73.93 38.83 45.01 99.82 37.01 57.7 61.03 82.33 80.6 50.25 110.34 63.64 108.23 20.25 105.0 14.32 84.91
0 22.47 76.94 51.88 68.24 44.0 23.35 17.2 35.0 36.36 50.16 52.01 34.54 17.03 36.01 4.0 59.44 21.54 40.05 31.58 20.62 78.87 72.01 24.21 44.18 4.12 75.96 78.23 25.55 41.05 47.43 15.23 25.71 29.43 64.82 80.72 54.56 34.93 58.31 53.41 47.71 39.81 67.72 18.36 26.08 76.16 48.1 60.41 52.61 72.01 36.14 42.2 81.54 54.12 62.97 0.0 59.17 71.03 57.87 43.42 17.49 44.92 58.82 30.87 39.46 51.42 10.63 42.43 47.0 40.26 89.87 44.1 53.16 34.93 55.9 20.0 29.21 10.3 80.72 64.85 62.36 71.57 60.07 47.43 11.4 38.33 62.39 47.43 61.85 45.34 53.81 31.26 43.17 29.15 57.94 64.66 48.1 42.72 50.57 65.62 51.92
0 81.41 18.03 7.81 10.3 52.89 36.77 44.01 55.95 68.88 72.78 54.63 25.5 66.76 50.36 57.25 69.86 59.84 33.84 57.01 78.82 31.02 35.81 82.2 26.93 56.36 55.54 45.0 33.62 28.28 16.16 72.01 79.21 46.01 23.71 25.63 54.04 59.14 76.84 21.63 26.93 68.26 47.42 61.61 63.82 17.0 18.68 75.96 62.97 14.04 26.4 57.57 22.67 55.08 78.55 59.17 0.0 13.04 48.17 41.98 61.55 40.16 13.0 64.03 37.95 42.01 69.64 37.11 53.76 41.98 31.14 27.89 15.0 24.84 40.2 78.01 69.35 68.24 25.63 50.22 45.34 21.1 61.77 67.68 58.8 41.59 39.6 45.4 46.86 21.38 18.03 39.45 21.93 36.35 51.09 22.36 65.0 66.75 51.24 69.46 16.03
0 92.96 11.18 20.81 2.83 58.08 48.02 55.07 68.88 81.88 78.16 58.05 38.21 77.08 57.22 68.8 73.01 69.26 46.62 64.78 91.05 21.54 42.38 94.49 39.56 67.96 63.79 51.08 45.61 35.69 29.07 84.39 91.93 54.34 20.59 13.15 65.62 66.37 81.05 25.02 32.02 75.17 45.79 71.51 76.84 8.54 25.71 79.62 66.91 12.21 39.41 70.23 10.77 66.75 82.0 71.03 13.04 0.0 59.08 54.41 74.41 45.04 23.09 72.18 50.7 53.6 81.61 49.65 58.31 48.04 18.87 34.23 26.93 37.48 51.09 90.27 78.1 80.43 13.15 60.13 45.19 24.6 63.89 73.11 71.42 48.17 38.91 57.49 47.01 28.86 22.02 52.48 34.89 45.88 62.13 19.24 77.49 73.01 63.15 71.17 28.16
0 76.66 55.54 42.95 57.01 82.88 50.99 55.22 27.17 38.28 98.6 88.41 38.6 73.93 76.37 59.24 101.98 73.57 21.93 78.24 68.03 79.16 25.5 70.01 24.6 58.31 18.25 25.94 45.28 61.06 34.48 61.13 61.4 68.62 70.61 72.17 8.49 81.69 105.42 63.91 64.85 90.0 90.47 72.47 41.19 57.07 57.38 106.07 94.18 50.01 33.6 22.14 64.33 9.9 108.89 57.87 48.17 59.08 0.0 14.76 46.1 74.06 36.01 82.1 20.0 7.81 63.95 17.69 85.15 72.62 71.57 63.13 33.24 39.41 8.0 67.03 83.73 60.67 72.17 7.07 86.76 39.56 97.2 94.18 48.84 71.06 82.46 10.44 87.66 57.7 61.03 27.78 30.87 58.73 3.16 69.43 25.0 90.91 9.49 104.81 32.39
0 63.07 53.71 35.23 51.92 69.2 36.8 40.61 17.2 30.48 84.22 75.17 26.0 59.24 62.37 44.6 88.24 58.83 9.22 63.78 55.23 72.44 32.31 57.56 15.13 43.66 32.57 36.35 31.24 48.85 26.17 48.09 50.0 54.49 62.03 67.45 14.76 67.27 91.22 53.76 53.45 75.43 79.4 57.71 30.08 54.56 46.87 92.02 80.43 47.89 21.19 16.12 61.74 15.23 94.85 43.42 41.98 54.41 14.76 0.0 33.24 61.29 32.2 67.42 5.83 8.06 50.16 5.0 71.61 59.36 69.77 51.26 27.51 26.93 13.04 54.23 68.96 47.04 67.45 21.54 75.27 40.36 84.06 79.91 35.06 57.69 71.57 5.0 75.96 46.57 51.35 13.04 21.0 45.0 15.62 61.01 23.09 76.49 10.77 91.53 26.25
0 30.81 77.99 53.76 71.59 59.68 32.02 29.02 19.92 18.87 67.54 67.48 36.24 34.06 51.62 21.02 76.24 38.91 33.62 48.38 22.02 86.35 65.0 24.33 39.82 20.62 64.28 69.58 30.87 50.96 46.86 15.03 18.03 44.18 72.92 85.8 41.0 51.87 75.64 61.85 57.57 57.25 80.62 35.85 8.6 77.83 55.46 77.62 69.12 72.47 35.38 26.93 84.15 40.26 80.23 17.49 61.55 74.41 46.1 33.24 0.0 58.14 57.43 48.3 31.32 41.11 18.79 34.21 62.65 54.01 92.63 54.12 51.61 37.01 46.27 21.02 46.62 15.23 85.8 53.15 75.43 68.96 75.95 64.62 6.32 52.01 74.33 36.0 75.24 53.31 61.27 24.6 41.4 40.45 45.4 72.45 31.62 60.01 37.48 82.0 50.22
0 61.29 55.44 38.08 43.19 13.04 27.29 29.15 65.73 74.24 33.14 15.0 35.51 41.23 13.89 41.11 30.02 31.14 52.48 22.47 64.47 41.15 72.42 68.03 49.82 40.8 87.73 81.4 31.32 13.45 42.52 60.08 70.6 16.12 28.16 48.27 76.06 22.85 36.69 20.02 13.34 30.81 22.8 34.83 65.01 53.24 21.54 35.85 22.85 53.37 40.5 71.17 55.04 76.48 38.48 44.92 40.16 45.04 74.06 61.29 58.14 0.0 49.74 30.02 55.47 66.29 54.23 56.94 13.6 5.0 61.52 12.53 47.2 34.67 67.62 64.08 36.89 55.03 48.27 79.03 17.46 60.93 23.35 28.07 52.35 6.71 18.03 66.24 17.12 19.24 23.19 50.33 43.93 18.11 76.01 28.86 79.12 28.16 72.01 31.11 47.01
0 81.27 21.63 11.66 21.0 61.74 39.05 46.17 48.01 61.4 80.99 64.66 24.52 69.35 57.87 57.72 79.76 64.03 25.61 63.35 76.92 43.42 23.35 80.06 18.44 56.75 42.54 32.56 34.37 36.67 11.4 69.77 75.45 52.17 36.67 36.22 42.58 65.97 85.91 33.24 37.2 75.19 59.82 65.03 58.0 22.36 28.6 85.42 72.47 15.81 22.85 48.3 29.55 43.74 88.12 58.82 13.0 23.09 36.01 32.2 57.43 49.74 0.0 69.72 29.41 30.59 68.71 27.78 63.06 50.57 37.59 37.22 5.83 24.33 28.02 76.03 74.17 66.71 36.22 37.48 57.31 13.04 72.42 75.96 55.95 49.77 51.86 34.79 58.69 30.53 29.73 33.3 16.12 41.59 39.05 35.34 55.15 74.33 40.26 80.21 7.21
0 36.88 81.39 59.14 69.87 20.62 32.31 26.93 63.89 67.12 19.31 27.78 47.43 17.0 16.12 27.29 30.0 9.43 60.9 7.62 44.0 71.12 89.19 47.04 61.85 27.78 98.98 97.14 38.08 36.5 59.44 42.58 53.46 18.03 57.78 77.49 80.92 7.81 27.51 48.08 40.8 8.94 48.92 12.65 56.82 79.63 46.53 29.83 24.52 78.06 51.62 70.84 82.76 80.81 32.28 30.87 64.03 72.18 82.1 67.42 48.3 30.02 69.72 0.0 62.13 74.63 35.36 64.66 23.02 25.5 89.99 38.08 65.31 47.13 77.9 44.01 7.07 37.85 77.49 88.51 43.86 82.49 33.53 17.12 42.06 24.7 46.86 72.2 42.52 43.42 50.45 54.41 57.87 28.16 83.01 58.31 77.62 12.17 76.69 37.22 64.54
0 60.03 51.04 30.81 48.1 63.41 31.11 35.23 18.6 32.02 78.64 69.34 20.25 54.71 56.64 40.26 82.46 53.71 4.12 58.26 52.95 67.9 33.73 55.54 11.18 39.29 37.16 39.0 25.5 43.08 21.84 45.71 48.85 48.8 57.01 63.57 20.59 61.72 85.56 48.37 47.8 70.0 73.76 52.8 29.68 51.62 41.44 86.31 74.65 45.22 15.52 19.65 58.67 21.02 89.14 39.46 37.95 50.7 20.0 5.83 31.32 55.47 29.41 62.13 0.0 12.53 47.01 3.0 65.8 53.54 66.89 45.54 24.19 21.19 16.49 51.97 63.95 44.1 63.57 26.42 69.57 39.05 78.23 74.28 32.14 51.87 65.97 10.82 70.23 41.0 46.1 8.25 16.28 39.2 21.21 56.04 27.29 70.94 16.55 85.7 22.83
0 71.11 51.26 36.22 51.35 75.07 43.28 47.71 23.77 36.36 90.91 80.6 30.81 67.07 68.59 52.5 94.18 66.24 14.14 70.6 63.13 73.0 25.55 65.38 17.09 51.55 24.7 28.64 37.54 53.34 27.46 56.04 57.49 60.88 63.79 66.75 12.04 74.03 97.67 56.61 57.27 82.42 83.01 65.31 37.36 52.5 49.98 98.29 86.37 45.54 25.81 20.62 59.77 13.15 101.12 51.42 42.01 53.6 7.81 8.06 41.11 66.29 30.59 74.63 12.53 0.0 58.22 10.0 77.34 64.82 67.42 55.47 27.02 31.62 5.39 62.13 76.48 55.08 66.75 13.89 79.2 36.36 89.4 86.45 43.1 63.25 75.03 5.83 80.06 50.16 53.85 20.62 23.41 50.93 9.85 62.65 25.81 83.24 9.85 97.01 26.0
